0 0 0
0 1 7
0 2 58
0 3 83
0 4 14
0 5 13
0 6 60
0 7 28
0 8 43
0 9 94
0 10 50
0 11 71
0 12 97
0 13 27
0 14 79
1 0 7
1 1 0
1 2 7
1 3 47
1 4 4
1 5 25
1 6 24
1 7 100
1 8 58
1 9 82
1 10 28
1 11 68
1 12 14
1 13 45
1 14 97
2 0 58
2 1 7
2 2 0
2 3 89
2 4 19
2 5 58
2 6 75
2 7 4
2 8 27
2 9 24
2 10 6
2 11 72
2 12 87
2 13 47
2 14 1
3 0 83
3 1 47
3 2 89
3 3 0
3 4 46
3 5 45
3 6 63
3 7 26
3 8 30
3 9 47
3 10 42
3 11 83
3 12 35
3 13 92
3 14 92
4 0 14
4 1 4
4 2 19
4 3 46
4 4 0
4 5 92
4 6 97
4 7 62
4 8 40
4 9 2
4 10 75
4 11 31
4 12 56
4 13 13
4 14 46
5 0 13
5 1 25
5 2 58
5 3 45
5 4 92
5 5 0
5 6 80
5 7 93
5 8 35
5 9 3
5 10 70
5 11 19
5 12 38
5 13 46
5 14 32
6 0 60
6 1 24
6 2 75
6 3 63
6 4 97
6 5 80
6 6 0
6 7 84
6 8 3
6 9 49
6 10 7
6 11 6
6 12 18
6 13 74
6 14 13
7 0 28
7 1 100
7 2 4
7 3 26
7 4 62
7 5 93
7 6 84
7 7 0
7 8 1
7 9 67
7 10 98
7 11 41
7 12 1
7 13 17
7 14 13
8 0 43
8 1 58
8 2 27
8 3 30
8 4 40
8 5 35
8 6 3
8 7 1
8 8 0
8 9 84
8 10 83
8 11 44
8 12 7
8 13 38
8 14 32
9 0 94
9 1 82
9 2 24
9 3 47
9 4 2
9 5 3
9 6 49
9 7 67
9 8 84
9 9 0
9 10 58
9 11 83
9 12 60
9 13 51
9 14 17
10 0 50
10 1 28
10 2 6
10 3 42
10 4 75
10 5 70
10 6 7
10 7 98
10 8 83
10 9 58
10 10 0
10 11 87
10 12 4
10 13 11
10 14 43
11 0 71
11 1 68
11 2 72
11 3 83
11 4 31
11 5 19
11 6 6
11 7 41
11 8 44
11 9 83
11 10 87
11 11 0
11 12 75
11 13 92
11 14 15
12 0 97
12 1 14
12 2 87
12 3 35
12 4 56
12 5 38
12 6 18
12 7 1
12 8 7
12 9 60
12 10 4
12 11 75
12 12 0
12 13 97
12 14 55
13 0 27
13 1 45
13 2 47
13 3 92
13 4 13
13 5 46
13 6 74
13 7 17
13 8 38
13 9 51
13 10 11
13 11 92
13 12 97
13 13 0
13 14 50
14 0 79
14 1 97
14 2 1
14 3 92
14 4 46
14 5 32
14 6 13
14 7 13
14 8 32
14 9 17
14 10 43
14 11 15
14 12 55
14 13 50
14 14 0
